Positiv: 37.03498406947242%
Negativ: 4.791776512949468%
Neutral: 58.17323941757811%